2012-10-13 03:45:16  1893    61564  28476  37180  265190  8794
2012-10-13 03:50:16  1823    60016  27296  38648  276206  8753
2012-10-13 03:55:15  1606    58628  26688  32292  262998  8377
2012-10-13 04:00:15  1539    57988  25628  36472  249984  8079
2012-10-13 04:05:14  1641    58552  25432  35064  233832  7493
2012-10-13 04:10:16  1731    59808  25108  36348  235218  6909
2012-10-13 04:15:15  1720    56444  24124  38072  228382  6892
2012-10-13 04:20:15  1680    53952  23088  38480  233300  6742
2012-10-13 04:25:14  1582    53600  22420  37072  232974  6477
2012-10-13 04:30:16  1531    53560  22612  37896  229090  6168
